-0.16955599575461644 -0.4870143073509707
-0.1600325805146221 -0.4618658695887161
-0.4250453744612832 -0.9566099863742082
-0.9493021830467185 -0.28948246145278056
-0.04697609859990659 -0.14046226773786108
-0.773893279796743 -0.731086346946087
0.405804771941243 0.9382076586447352
-0.7557219950755121 -0.7671758723290342
0.6589101344514889 0.9187339525732603
-0.10214586532166114 -0.30166411096194257
0.9092540451958324 0.40211944284794376
0.3939695498108897 0.9253313797736727
-0.4011962416339827 -0.9333334836385465
-0.15425947559797448 -0.4464360064681354
-0.6868266291212097 -0.8824817390203079
-0.42722442461792975 -0.9584942719812815
-0.6025652288646772 -0.97207033478725
-0.6313277764629359 -0.9482280746537787
-0.218665705884455 -0.6099497024611356
-0.9290644516974673 -0.3470270569022578
-0.1675819184092271 -0.4818333552488635
0.8330951766417518 0.5990443844438602
-0.6354405347729701 -0.9442374842958813
0.39645842845360213 0.9281366047447461
-0.870727123238259 -0.505025305193469
0.8819918530833923 0.4755745844990541
0.08470243543971634 0.2513814813324267
-0.35970166112503144 -0.8815356069713172
-0.36333480643021066 -0.8866289582980785
0.08121214379536479 0.2412332508961931
0.01030439788962556 0.030908270331212632
0.5639372690380904 0.9926865585920414
0.43701173286387274 0.9664513598562838
-0.8912845310082951 -0.4508693476523684
-0.84437394395 -0.5716134028665174
0.2197751961793062 0.6125839327657291
0.6300094242621872 0.9494767421861803
0.6771594168392083 0.8957495504620464
0.24997318553022585 0.6815798982707315
-0.9685762366943655 -0.2336830959614516
-0.8878784917297686 -0.4599662408851925
-0.18842773431824988 -0.535654984523952
0.055057216625490346 0.1644216471587544
0.09994771591261964 0.2953703563372413
-0.026445514985371954 -0.0792533433097622
0.1661020691960544 0.47793840891121714
-0.9724398295955148 -0.22239778859516457
-0.8578290963686059 -0.5380359856566425
-0.8834100435361782 -0.4718276497450709
-0.0230507341399131 -0.06909710097855852
0.013959250047965499 0.04186551072801911
0.847999284317895 0.5626557453899718
0.2609503268479443 0.7053033589626692
0.7025281703431778 0.8593555646534018
-0.35197093147442304 -0.8703500807610602
-0.09809720746047712 -0.2900620000108504
0.13405691992089475 0.39141682537535083
0.9839299848130145 0.18866514103228743
-0.7321770654783417 -0.8105329303479412
-0.34179846730693075 -0.854919375351528
0.7500601534313633 0.7779598238225064
-0.9833288755369676 -0.19043577602953687
-0.20004459963735144 -0.5647528973479037
-0.5767852984580542 -0.9872973563663544
0.004346569624343877 0.013039339343847232
0.2370537184359367 0.6527139073135001
0.01657629762233359 0.049708399117605884
-0.30133270604341944 -0.785805912378581
0.9546832805336736 0.27399332275342553
-0.9506684758066666 -0.2855566627607109
0.11210189661859071 0.3300019962374305
0.48580132439399426 0.9935779726062822
-0.9276126458195129 -0.35110850321755976
0.43761264940057876 0.9669128248665796
-0.15166509678682827 -0.4394580833153462
-0.9928854092051462 -0.16221643541781544
-0.0850477320586791 -0.25238397173137445
0.6982405633662434 0.8658620637496436
-0.08213280305755899 -0.24391273611514946
-0.2208666494709437 -0.6151687164562943
0.19775079596902234 0.5590606169659946
0.31130281154673023 0.8039504072705829
0.7230855836930259 0.8262039462628363
0.6418093473535296 0.9377744374535593
-0.6423869820304244 -0.9371712874110643
-0.040784160767212585 -0.12204743862556407
-0.753798358982664 -0.7708647500380553
0.22275882166453087 0.6196341212836302
-0.6208607995051394 -0.9577316161779794
-0.6586121357009898 -0.9190866040342396
-0.726522797292485 -0.8203508436835597
0.13323201472790092 0.3891383624776573
-0.38086486360925975 -0.9097139233560197
-0.7802980092613425 -0.7178426530832667
0.9695530673074775 0.23083274186033392
-0.9370460090278208 -0.3244730908180738
0.5285382990553487 0.9998902069952205
0.23033514302515323 0.6373122935253792
0.04667420120252519 0.1395654970623801
0.08784588354408451 0.2604976862021075
