0.6638423218990321
-0.8206384077918971
-0.34432881292222994
0.9068229360331606
0.9388615813529793
-0.37774977865716486
-0.1430755740389389
0.2757143833496447
0.7697777975448896
0.7626562410987752
0.8182446446461857
0.7187862630405415
0.8376795822730554
-0.24568870749184923
0.9826545160468607
-0.6832846716827514
0.9931097849511092
0.5720799503128773
-0.7387330488412085
0.0396755957324999
-0.47342264765653375
-0.5740782027995877
0.42684173739242426
0.5064454020165414
0.8779011796114562
0.28548512407986193
-0.9644627450578085
0.8824297142248563
-0.4204536515751536
-0.9865002587417715
-0.9416733447930064
-0.7563615503279792
-0.4471295308502845
0.11212953434945439
0.4446443894146648
-0.1423401459081679
0.3873236821650379
-0.7475978150838485
0.2978771000155156
0.08125403774974016
-0.6772580212167338
0.299312403483015
0.5294656184089517
0.22554911508880982
0.9524746402936983
-0.05266057378279143
-0.29802139352152723
-0.8505335052767016
-0.005471096947274878
-0.814090725412
-0.10993323009895395
-0.1489974700320258
0.6681586000436237
0.7148459547934309
-0.07958029636465414
-0.7358769085072716
-0.31399264929573634
-0.9127055798916259
-0.47186790995307026
0.07207959307614065
0.7425660558197171
-0.7515282983412108
-0.7797568307945588
-0.638697305591061
0.8423165904850449
-0.02709271093922383
-0.4744305098877837
-0.00936325655570669
0.9898114859991656
-0.029628701070885333
0.9457263130957962
-0.17023728108107972
0.5780926606300121
-0.6137381744064554
-0.38558805876420355
0.8952771067299232
0.20948741043386865
-0.7953409032715668
-0.6332961105470571
-0.14990856895635485
0.02991826596379843
-0.2481145896740522
-0.6570208408976517
-0.5718719193097146
-0.34945590425107476
-0.02991745937078205
0.8755971135209395
-0.27739133681998296
-0.5642230242267265
-0.8185168822284263
0.196913770557956
0.4859500402668939
-0.2738126170506239
0.5020007137221114
0.6551395143292431
-0.6560989721279671
0.7032288878098392
0.6239454073229342
-0.6773831683326621
0.4491147265087898
