-2.762927740629597
-2.8130889409244957
-2.7697903220652362
-2.2493357735448005
-2.8628877228470824
-2.273996767274233
-2.0321718298367006
-2.7308738982679444
-2.475369676050278
-2.8273055922013377
-2.572015664536458
-2.4154635993305966
-2.5281296059026515
-2.4012582202446504
-2.176513599107016
-2.814500232891877
-2.1979992135396023
-2.70812676251556
-2.060465658366299
-2.5456946176160553
-2.3171032728559826
-2.268301951025834
-2.2422153830120255
-2.5205505859633144
-2.832064573705153
-2.1324883978110503
-2.3805200469817143
-2.6746738086287656
-2.45592142254306
-2.6051218198286765
-2.0092319549512956
-2.6960221669722597
-2.476689627038844
-2.7291430025680685
-2.8271389806851293
-2.8181201603618202
-2.5368657574003004
-2.6418478338175166
-2.8149277746015606
-2.199038699147206
-2.2279165077169614
-2.9201054655556593
-2.2488018386739856
-2.405420639261301
-2.6145481877255174
-2.9415095637249764
-2.7070376641312195
-2.4276221193678937
-2.0715646674162738
-2.8466336965911023
2.159576773141366
2.55729363363183
2.2945395415837875
2.1757940017251367
2.0333460287536878
2.088380608065041
2.7267262177340252
2.4924526152072413
2.6780837878068664
2.1943958725797095
2.251958572906823
2.8631599038941813
2.633033012031249
2.8317895761089167
2.56671371046274
2.2167200844178616
2.5357669313429363
2.1602703764750704
2.4314893764465886
2.3314231605758833
2.4363164313567176
2.7035319608403836
2.7816192110438163
2.335879804461637
2.5344076055456832
2.853651545682633
2.766348233273995
2.820633141488585
2.5307425676578217
2.101956400780493
2.3055708305156015
2.8140551346456015
2.8362504209203996
2.325270108375219
2.710840711770716
2.375596465738913
2.720932284930247
2.2064347458439664
2.6372468609071795
2.248856081046249
2.74137236478975
2.957333212598229
2.9047651296508388
2.3294702961107054
2.5857066472567154
2.7792229531750325
2.7705947406442246
2.6727454151710637
2.04109012796454
2.4721735602161896
